1	0	0
2	0	0
4	1	0
5	1	0
6	2	0
7	2	0
10	4	0
11	5	0
12	5	0
13	5	0
16	6	0
17	6	0
18	6	0
19	7	0
21	10	0
22	10	0
25	11	0
26	11	0
28	12	0
29	12	0
30	13	0
31	13	0
34	16	0
35	16	0
36	17	0
37	17	0
39	18	0
40	18	0
43	19	0
44	19	0
45	21	0
47	21	0
48	21	0
49	22	0
51	25	0
53	26	0
55	28	0
57	29	0
60	30	0
62	31	0
63	34	0
65	35	0
68	36	0
70	37	0
72	39	0
74	40	0
76	43	0
77	44	0
78	44	0
80	44	0
82	45	0
83	45	0
84	47	0
85	47	0
87	48	0
88	48	0
90	49	0
92	49	0
94	51	0
95	51	0
97	53	0
98	53	0
99	55	0
101	55	0
102	57	0
104	57	0
105	60	0
107	60	0
108	62	0
110	62	0
111	63	0
113	63	0
114	65	0
116	65	0
117	68	0
119	68	0
120	70	0
122	70	0
124	72	0
126	74	0
127	74	0
129	76	0
131	76	0
133	77	0
134	77	0
136	78	0
137	78	0
138	80	0
139	80	0
141	82	0
143	83	0
146	84	0
148	85	0
150	87	0
152	88	0
154	90	0
155	92	0
156	92	0
158	92	0
160	94	0
161	95	0
162	95	0
164	95	0
166	97	0
168	98	0
169	98	0
172	99	0
173	101	0
174	101	0
176	101	0
178	102	0
179	104	0
181	104	0
184	105	0
185	105	0
186	105	0
187	107	0
189	108	0
191	108	0
192	108	0
193	110	0
196	111	0
197	113	0
198	113	0
200	113	0
202	114	0
203	116	0
204	116	0
205	116	0
208	117	0
209	117	0
210	117	0
211	119	0
213	120	0
215	120	0
216	120	0
217	122	0
219	124	0
221	126	0
223	126	0
224	126	0
225	127	0
227	129	0
229	129	0
230	129	0
231	131	0
235	134	0
237	136	0
239	137	0
242	138	0
244	139	0
246	141	0
247	141	0
249	143	0
250	143	0
251	146	0
253	146	0
254	148	0
256	148	0
257	150	0
258	150	0
261	152	0
263	154	0
265	154	0
267	155	0
268	155	0
270	156	0
271	156	0
272	158	0
273	158	0
275	160	0
277	160	0
279	161	0
280	161	0
282	162	0
283	162	0
284	164	0
285	164	0
287	166	0
288	166	0
291	168	0
292	168	0
293	169	0
294	169	0
296	172	0
298	172	0
300	173	0
301	173	0
303	174	0
304	174	0
305	176	0
306	176	0
308	178	0
309	178	0
312	179	0
313	179	0
314	181	0
315	181	0
318	184	0
319	184	0
321	185	0
323	186	0
324	186	0
327	187	0
328	187	0
330	189	0
331	189	0
332	191	0
335	192	0
336	192	0
338	193	0
340	193	0
341	196	0
343	196	0
345	197	0
348	198	0
349	198	0
350	200	0
351	200	0
353	202	0
354	202	0
357	203	0
358	203	0
360	204	0
361	204	0
362	205	0
363	205	0
366	208	0
367	208	0
369	209	0
371	210	0
372	210	0
375	211	0
376	211	0
378	213	0
380	215	0
383	216	0
384	216	0
386	217	0
388	217	0
390	219	0
391	219	0
393	221	0
394	221	0
395	223	0
396	223	0
398	224	0
401	225	0
403	225	0
405	227	0
406	227	0
407	229	0
408	229	0
410	230	0
411	230	0
413	231	0
415	231	0
417	235	0
418	235	0
419	237	0
421	237	0
422	239	0
424	239	0
425	242	0
426	242	0
428	244	0
429	244	0
432	246	0
433	247	0
434	247	0
436	247	0
438	249	0
439	250	0
440	250	0
441	250	0
444	251	0
445	251	0
446	251	0
447	253	0
449	254	0
451	254	0
452	254	0
453	256	0
456	257	0
457	257	0
458	257	0
459	258	0
461	261	0
464	263	0
465	263	0
466	263	0
467	265	0
469	267	0
471	268	0
475	271	0
478	272	0
480	273	0
481	275	0
483	275	0
484	275	0
485	277	0
489	280	0
491	282	0
493	283	0
496	284	0
499	287	0
501	287	0
502	287	0
503	288	0
505	291	0
507	292	0
510	293	0
512	294	0
514	296	0
515	296	0
516	296	0
517	298	0
519	300	0
521	301	0
525	304	0
530	306	0
532	308	0
533	308	0
534	308	0
535	309	0
537	312	0
539	313	0
542	314	0
544	315	0
545	318	0
547	319	0
550	321	0
552	323	0
556	327	0
557	328	0
558	328	0
559	328	0
561	330	0
563	331	0
566	332	0
570	336	0
572	338	0
573	340	0
574	340	0
575	340	0
578	341	0
579	341	0
580	341	0
581	343	0
583	345	0
587	349	0
590	350	0
592	351	0
594	353	0
595	353	0
596	353	0
597	354	0
599	357	0
601	358	0
603	360	0
608	362	0
610	363	0
611	366	0
613	367	0
616	369	0
618	371	0
620	372	0
622	375	0
623	376	0
624	376	0
625	376	0
627	378	0
630	380	0
632	383	0
634	384	0
636	386	0
637	388	0
638	388	0
639	388	0
642	390	0
643	391	0
644	391	0
646	391	0
647	393	0
649	394	0
652	395	0
654	396	0
656	398	0
658	401	0
659	403	0
660	403	0
662	403	0
663	405	0
665	406	0
668	407	0
670	408	0
672	410	0
674	411	0
676	413	0
677	415	0
678	415	0
679	415	0
682	417	0
683	418	0
684	418	0
685	418	0
688	419	0
689	421	0
692	421	0
694	422	0
695	424	0
696	424	0
700	425	0
701	425	0
702	425	0
703	426	0
705	428	0
708	428	0
709	429	0
711	432	0
713	432	0
715	433	0
716	433	0
718	434	0
720	436	0
721	436	0
723	438	0
724	438	0
727	439	0
728	439	0
730	440	0
731	440	0
732	441	0
733	441	0
736	444	0
739	445	0
741	446	0
742	446	0
745	447	0
746	447	0
748	449	0
749	449	0
750	451	0
753	452	0
754	452	0
756	453	0
758	453	0
760	456	0
761	456	0
762	457	0
763	457	0
766	458	0
769	459	0
770	459	0
771	461	0
773	461	0
775	464	0
776	464	0
777	465	0
778	465	0
780	466	0
781	466	0
784	467	0
785	467	0
787	469	0
788	469	0
790	471	0
791	471	0
792	475	0
794	475	0
795	478	0
796	478	0
798	480	0
799	480	0
802	481	0
803	481	0
804	483	0
805	483	0
807	484	0
808	484	0
810	485	0
812	485	0
814	489	0
815	489	0
816	491	0
818	491	0
819	493	0
821	493	0
822	496	0
823	496	0
826	499	0
827	499	0
828	501	0
829	501	0
831	502	0
832	502	0
834	503	0
836	503	0
837	505	0
839	505	0
840	507	0
842	507	0
843	510	0
845	510	0
846	512	0
848	512	0
850	514	0
851	514	0
852	515	0
853	515	0
855	516	0
856	516	0
859	517	0
860	517	0
862	519	0
863	519	0
865	521	0
867	525	0
869	525	0
870	530	0
871	530	0
874	532	0
875	532	0
876	533	0
877	533	0
879	534	0
880	534	0
883	535	0
884	535	0
886	537	0
889	539	0
890	539	0
891	542	0
893	542	0
894	544	0
896	544	0
897	545	0
899	545	0
900	547	0
903	550	0
905	550	0
906	552	0
907	552	0
909	556	0
910	556	0
913	557	0
914	557	0
916	558	0
917	558	0
918	559	0
919	559	0
922	561	0
923	561	0
925	563	0
927	566	0
929	566	0
930	570	0
931	570	0
933	572	0
934	572	0
937	573	0
938	573	0
940	574	0
941	574	0
942	575	0
943	575	0
946	578	0
947	578	0
948	579	0
949	579	0
951	580	0
952	580	0
955	581	0
956	581	0
958	583	0
959	583	0
960	587	0
962	587	0
964	590	0
966	592	0
967	592	0
970	594	0
971	594	0
972	595	0
973	595	0
975	596	0
976	596	0
979	597	0
980	597	0
982	599	0
985	601	0
986	601	0
987	603	0
989	603	0
990	608	0
992	608	0
993	610	0
995	610	0
996	611	0
998	611	0
999	613	0
1002	616	0
1004	616	0
1005	618	0
1006	618	0
1008	620	0
1009	620	0
1011	622	0
1012	622	0
1015	623	0
1016	623	0
1018	624	0
1019	624	0
1020	625	0
1021	625	0
1024	627	0
1025	627	0
1026	630	0
1028	630	0
1030	632	0
1032	634	0
1033	634	0
1035	636	0
1036	636	0
1039	637	0
1040	637	0
1042	638	0
1043	638	0
1044	639	0
1045	639	0
1047	642	0
1049	642	0
1051	643	0
1052	643	0
1054	644	0
1055	644	0
1056	646	0
1057	646	0
1060	647	0
1063	649	0
1064	649	0
1067	652	0
1068	654	0
1070	654	0
1071	656	0
1072	656	0
1074	658	0
1076	658	0
1078	659	0
1079	659	0
1081	660	0
1082	660	0
1083	662	0
1084	662	0
1087	663	0
1088	663	0
1090	665	0
1091	665	0
1092	668	0
1094	668	0
1097	670	0
1098	672	0
1099	672	0
1101	674	0
1102	674	0
1104	676	0
1105	676	0
1108	677	0
1109	677	0
1111	678	0
1112	678	0
1113	679	0
1114	679	0
1116	682	0
1117	682	0
1120	683	0
1121	683	0
1123	684	0
1124	684	0
1125	685	0
1126	685	0
1128	688	0
1130	688	0
1132	689	0
1133	689	0
1134	692	0
1135	692	0
1137	694	0
1138	694	0
1141	695	0
1142	695	0
1144	696	0
1145	696	0
1147	700	0
1148	700	0
1149	701	0
1150	701	0
1153	702	0
1156	703	0
1157	703	0
1159	705	0
1160	705	0
1161	708	0
1164	709	0
1166	709	0
1167	711	0
1169	711	0
1170	711	0
1171	713	0
1175	716	0
1177	718	0
1180	720	0
1182	721	0
1183	723	0
1185	723	0
1186	723	0
1187	724	0
1189	727	0
1193	730	0
1195	731	0
1198	732	0
1200	733	0
1201	736	0
1204	739	0
1206	741	0
1208	742	0
1210	745	0
1211	746	0
1212	746	0
1213	746	0
1215	748	0
1217	749	0
1220	750	0
1222	753	0
1224	754	0
1226	756	0
1227	758	0
1228	758	0
1229	758	0
1231	760	0
1233	761	0
1236	762	0
1238	763	0
1240	766	0
1242	769	0
1243	770	0
1244	770	0
1246	770	0
1248	771	0
1249	773	0
1250	773	0
1252	773	0
1253	775	0
1255	776	0
1258	777	0
1260	778	0
1262	780	0
1264	781	0
1266	784	0
1267	785	0
1268	785	0
1269	785	0
1272	787	0
1274	788	0
1276	788	0
1278	790	0
1279	791	0
1280	791	0
1284	792	0
1285	794	0
1286	794	0
1287	794	0
1290	795	0
1292	795	0
1293	796	0
1295	798	0
1297	798	0
1298	798	0
1299	799	0
1301	802	0
1303	803	0
1306	804	0
1308	805	0
1310	807	0
1312	808	0
1314	810	0
1315	812	0
1316	812	0
1317	812	0
1320	814	0
1321	815	0
1322	815	0
1323	815	0
1326	816	0
1327	818	0
1330	818	0
1332	819	0
1333	821	0
1338	822	0
1339	822	0
1340	822	0
1341	823	0
1343	826	0
1345	827	0
1348	828	0
1350	829	0
1352	831	0
1354	832	0
1356	834	0
1357	836	0
1358	836	0
1360	836	0
1362	837	0
1364	839	0
1368	840	0
1369	842	0
1371	842	0
1374	843	0
1375	843	0
1376	843	0
1377	845	0
1381	846	0
1383	848	0
1385	850	0
1387	851	0
1390	852	0
1392	853	0
1394	855	0
1396	856	0
1398	859	0
1399	860	0
1400	860	0
1401	860	0
1404	862	0
1406	863	0
1408	863	0
1410	865	0
1412	867	0
1413	869	0
1414	869	0
1415	869	0
1417	870	0
1419	870	0
1420	870	0
1421	871	0
1423	874	0
1425	875	0
1428	876	0
1430	877	0
1432	879	0
1434	880	0
1436	883	0
1437	884	0
1438	884	0
1440	884	0
1442	886	0
1444	889	0
1446	890	0
1447	890	0
1451	891	0
1453	893	0
1455	894	0
1457	894	0
1458	894	0
1459	896	0
1462	897	0
1463	899	0
1464	899	0
1466	899	0
1468	900	0
1469	903	0
1471	903	0
1472	903	0
1473	905	0
1476	906	0
1477	906	0
1478	906	0
1479	907	0
1481	909	0
1483	909	0
1484	909	0
1485	910	0
1487	913	0
1491	916	0
1493	917	0
1496	918	0
1498	919	0
1500	922	0
1501	923	0
1502	923	0
1504	923	0
1506	925	0
1508	927	0
1509	927	0
1510	927	0
1511	929	0
1513	930	0
1515	930	0
1516	930	0
1517	931	0
1520	933	0
1521	933	0
1522	933	0
1523	934	0
1525	937	0
1527	938	0
1529	940	0
1534	942	0
1536	943	0
1537	946	0
1539	947	0
1542	948	0
1544	949	0
1546	951	0
1548	952	0
1550	955	0
1551	956	0
1552	956	0
1553	956	0
1556	958	0
1558	959	0
1560	959	0
1562	960	0
1563	962	0
1564	962	0
1565	962	0
1567	964	0
1569	966	0
1571	966	0
1572	966	0
1573	967	0
1575	970	0
1577	971	0
1580	972	0
1582	973	0
1584	975	0
1586	976	0
1588	979	0
1589	980	0
1590	980	0
1592	980	0
1594	982	0
1596	985	0
1598	986	0
1599	986	0
1602	987	0
1603	989	0
1604	989	0
1606	989	0
1608	990	0
1609	990	0
1611	992	0
1613	993	0
1615	993	0
1616	993	0
1617	995	0
1620	996	0
1621	998	0
1622	998	0
1624	998	0
1626	999	0
1627	1002	0
1629	1002	0
1630	1002	0
1631	1004	0
1634	1005	0
1635	1005	0
1636	1005	0
1637	1006	0
1641	1008	0
1642	1008	0
1643	1009	0
1645	1011	0
1647	1011	0
1648	1011	0
1649	1012	0
1651	1015	0
1655	1018	0
1657	1019	0
1660	1020	0
1662	1021	0
1664	1024	0
1665	1025	0
1666	1025	0
1668	1025	0
1670	1026	0
1671	1026	0
1672	1026	0
1673	1028	0
1675	1030	0
1677	1032	0
1679	1032	0
1680	1032	0
1681	1033	0
1684	1035	0
1685	1035	0
1686	1035	0
1687	1036	0
1689	1039	0
1691	1040	0
1693	1042	0
1698	1044	0
1700	1045	0
1701	1047	0
1703	1047	0
1704	1047	0
1705	1049	0
1709	1052	0
1711	1054	0
1713	1055	0
1716	1056	0
1718	1057	0
1720	1060	0
1722	1063	0
1723	1064	0
1724	1064	0
1725	1064	0
1727	1067	0
1729	1068	0
1731	1068	0
1732	1068	0
1733	1070	0
1736	1071	0
1737	1071	0
1738	1071	0
1739	1072	0
1742	1074	0
1743	1074	0
1744	1074	0
1745	1076	0
1747	1078	0
1749	1079	0
1753	1082	0
1756	1083	0
1758	1084	0
1760	1087	0
1761	1088	0
1762	1088	0
1764	1088	0
1766	1090	0
1767	1091	0
1768	1091	0
1769	1091	0
1772	1092	0
1773	1092	0
1774	1092	0
1775	1094	0
1777	1097	0
1780	1098	0
1781	1098	0
1782	1098	0
1783	1099	0
1785	1101	0
1787	1101	0
1788	1101	0
1789	1102	0
1792	1104	0
1793	1104	0
1794	1104	0
1795	1105	0
1797	1108	0
1799	1109	0
1801	1111	0
1806	1113	0
1808	1114	0
1809	1116	0
1811	1116	0
1812	1116	0
1813	1117	0
1815	1120	0
1819	1123	0
1821	1124	0
1824	1125	0
1828	1128	0
1829	1128	0
1830	1128	0
1831	1130	0
1833	1132	0
1835	1133	0
1838	1134	0
1840	1135	0
1842	1137	0
1843	1137	0
1844	1137	0
1845	1138	0
1849	1142	0
1851	1144	0
1855	1147	0
1857	1148	0
1860	1149	0
1864	1153	0
1866	1156	0
1867	1157	0
1868	1157	0
1870	1157	0
1873	1160	0
1876	1161	0
1878	1164	0
1879	1166	0
1880	1166	0
1882	1166	0
1884	1167	0
1885	1167	0
1886	1169	0
1887	1169	0
1889	1170	0
1890	1170	0
1892	1171	0
1894	1171	0
1896	1175	0
1897	1175	0
1898	1177	0
1900	1177	0
1901	1180	0
1902	1180	0
1905	1182	0
1908	1183	0
1909	1183	0
1910	1185	0
1911	1185	0
1913	1186	0
1914	1186	0
1916	1187	0
1918	1187	0
1920	1189	0
1921	1189	0
1922	1193	0
1925	1195	0
1927	1195	0
1928	1198	0
1930	1198	0
1931	1200	0
1933	1200	0
1934	1201	0
1936	1201	0
1937	1204	0
1939	1204	0
1940	1206	0
1941	1206	0
1944	1208	0
1946	1210	0
1947	1210	0
1950	1211	0
1951	1211	0
1953	1212	0
1954	1212	0
1955	1213	0
1956	1213	0
1959	1215	0
1960	1215	0
1962	1217	0
1964	1220	0
1966	1220	0
1967	1222	0
1968	1222	0
1970	1224	0
1971	1224	0
1973	1226	0
1974	1226	0
1977	1227	0
1978	1227	0
1980	1228	0
1981	1228	0
1982	1229	0
1983	1229	0
1985	1231	0
1988	1233	0
1990	1233	0
1991	1236	0
1993	1236	0
1996	1238	0
1997	1240	0
1998	1240	0
2000	1242	0
2002	1242	0
2004	1243	0
2005	1243	0
2007	1244	0
2008	1244	0
2009	1246	0
2010	1246	0
2012	1248	0
2014	1248	0
2016	1249	0
2017	1249	0
2019	1250	0
2020	1250	0
2021	1252	0
2022	1252	0
2024	1253	0
2026	1253	0
2027	1255	0
2029	1255	0
2032	1258	0
2033	1260	0
2035	1260	0
2036	1262	0
2037	1262	0
2039	1264	0
2040	1264	0
2042	1266	0
2043	1266	0
2046	1267	0
2047	1267	0
2049	1268	0
2050	1268	0
2051	1269	0
2052	1269	0
2054	1272	0
2056	1272	0
2058	1274	0
2059	1274	0
2060	1276	0
2061	1276	0
2063	1278	0
2064	1278	0
2067	1279	0
2068	1279	0
2070	1280	0
2071	1280	0
2072	1284	0
2073	1284	0
2076	1285	0
2077	1285	0
2079	1286	0
2080	1286	0
2081	1287	0
2082	1287	0
2085	1290	0
2086	1290	0
2088	1292	0
2091	1293	0
2092	1293	0
2094	1295	0
2095	1295	0
2096	1297	0
2097	1297	0
2099	1298	0
2102	1299	0
2104	1299	0
2106	1301	0
2107	1301	0
2109	1303	0
2110	1303	0
2111	1306	0
2113	1306	0
2116	1308	0
2117	1310	0
2118	1310	0
2120	1312	0
2121	1312	0
2123	1314	0
2124	1314	0
2127	1315	0
2128	1315	0
2130	1316	0
2131	1316	0
2132	1317	0
2133	1317	0
2135	1320	0
2136	1320	0
2139	1321	0
2140	1321	0
2142	1322	0
2143	1322	0
2144	1323	0
2145	1323	0
2147	1326	0
2149	1326	0
2151	1327	0
2152	1327	0
2153	1330	0
2154	1330	0
2156	1332	0
2157	1332	0
2160	1333	0
2161	1333	0
2163	1338	0
2164	1338	0
2165	1339	0
2166	1339	0
2169	1340	0
2172	1341	0
2173	1341	0
2175	1343	0
2176	1343	0
2178	1345	0
2179	1345	0
2180	1348	0
2182	1348	0
2183	1350	0
2185	1350	0
2186	1352	0
2187	1352	0
2190	1354	0
2192	1356	0
2194	1356	0
2196	1357	0
2197	1357	0
2199	1358	0
2200	1358	0
2201	1360	0
2202	1360	0
2204	1362	0
2206	1362	0
2208	1364	0
2209	1364	0
2210	1368	0
2211	1368	0
2214	1369	0
2215	1369	0
2216	1371	0
2217	1371	0
2220	1374	0
2221	1374	0
2223	1375	0
2225	1376	0
2226	1376	0
2229	1377	0
2230	1377	0
2231	1381	0
2234	1383	0
2236	1383	0
2237	1385	0
2239	1385	0
2240	1387	0
2242	1387	0
2245	1390	0
2246	1392	0
2248	1392	0
2249	1394	0
2250	1394	0
2252	1396	0
2253	1396	0
2255	1398	0
2256	1398	0
2259	1399	0
2260	1399	0
2262	1400	0
2263	1400	0
2264	1401	0
2265	1401	0
2267	1404	0
2269	1404	0
2271	1406	0
2272	1406	0
2273	1408	0
2274	1408	0
2276	1410	0
2277	1410	0
2279	1412	0
2280	1412	0
2283	1413	0
2284	1413	0
2286	1414	0
2287	1414	0
2288	1415	0
2289	1415	0
2292	1417	0
2293	1417	0
2294	1419	0
2295	1419	0
2297	1420	0
2300	1421	0
2302	1421	0
2303	1423	0
2305	1423	0
2306	1425	0
2308	1425	0
2309	1428	0
2311	1428	0
2312	1430	0
2314	1430	0
2316	1432	0
2318	1434	0
2319	1434	0
2321	1436	0
2323	1436	0
2325	1437	0
2326	1437	0
2328	1438	0
2329	1438	0
2330	1440	0
2331	1440	0
2333	1442	0
2335	1442	0
2336	1444	0
2337	1444	0
2340	1446	0
2341	1446	0
2342	1447	0
2343	1447	0
2346	1451	0
2349	1453	0
2350	1453	0
2352	1455	0
2353	1455	0
2354	1457	0
2357	1458	0
2358	1458	0
2360	1459	0
2362	1459	0
2363	1462	0
2365	1462	0
2367	1463	0
2368	1463	0
2370	1464	0
2371	1464	0
2372	1466	0
2373	1466	0
2375	1468	0
2376	1468	0
2379	1469	0
2380	1469	0
2381	1471	0
2384	1472	0
2385	1472	0
2387	1473	0
2389	1473	0
2391	1476	0
2392	1476	0
2393	1477	0
2394	1477	0
2397	1478	0
2400	1479	0
2401	1479	0
2403	1481	0
2404	1481	0
2405	1483	0
2406	1483	0
2408	1484	0
2409	1484	0
2411	1485	0
2413	1485	0
2415	1487	0
2416	1487	0
2417	1491	0
2419	1491	0
2420	1493	0
2422	1493	0
2423	1496	0
2425	1496	0
2426	1498	0
2428	1498	0
2429	1500	0
2431	1500	0
2433	1501	0
2434	1501	0
2436	1502	0
2437	1502	0
2438	1504	0
2439	1504	0
2441	1506	0
2442	1506	0
2445	1508	0
2446	1508	0
2448	1509	0
2450	1510	0
2451	1510	0
2454	1511	0
2455	1511	0
2457	1513	0
2458	1513	0
2459	1515	0
2460	1515	0
2462	1516	0
2465	1517	0
2467	1517	0
2469	1520	0
2470	1520	0
2471	1521	0
2472	1521	0
2474	1522	0
2475	1522	0
2478	1523	0
2479	1523	0
2481	1525	0
2482	1525	0
2484	1527	0
2485	1527	0
2486	1529	0
2488	1529	0
2489	1534	0
2491	1534	0
2492	1536	0
2494	1536	0
2495	1537	0
2497	1537	0
2498	1539	0
2500	1539	0
2503	1542	0
2504	1544	0
2506	1544	0
2507	1546	0
2508	1546	0
2510	1548	0
2511	1548	0
2513	1550	0
2514	1550	0
2517	1551	0
2518	1551	0
2520	1552	0
2521	1552	0
2522	1553	0
2523	1553	0
2525	1556	0
2527	1556	0
2529	1558	0
2530	1558	0
2531	1560	0
2532	1560	0
2534	1562	0
2535	1562	0
2538	1563	0
2539	1563	0
2541	1564	0
2542	1564	0
2543	1565	0
2544	1565	0
2547	1567	0
2548	1567	0
2550	1569	0
2551	1569	0
2552	1571	0
2553	1571	0
2555	1572	0
2558	1573	0
2560	1573	0
2561	1575	0
2563	1575	0
2564	1577	0
2566	1577	0
2567	1580	0
2569	1580	0
2570	1582	0
2572	1582	0
2574	1584	0
2576	1586	0
2577	1586	0
2579	1588	0
2581	1588	0
2583	1589	0
2584	1589	0
2586	1590	0
2587	1590	0
2588	1592	0
2589	1592	0
2591	1594	0
2593	1594	0
2594	1596	0
2595	1596	0
2598	1598	0
2599	1598	0
2600	1599	0
2601	1599	0
2603	1602	0
2605	1602	0
2607	1603	0
2608	1603	0
2610	1604	0
2611	1604	0
2612	1606	0
2613	1606	0
2616	1608	0
2617	1608	0
2619	1609	0
2622	1611	0
2623	1611	0
2625	1613	0
2626	1613	0
2627	1615	0
2630	1616	0
2631	1616	0
2633	1617	0
2635	1617	0
2636	1620	0
2638	1620	0
2640	1621	0
2641	1621	0
2643	1622	0
2644	1622	0
2645	1624	0
2646	1624	0
2648	1626	0
2649	1626	0
2652	1627	0
2653	1627	0
2654	1629	0
2657	1630	0
2658	1630	0
2660	1631	0
2662	1631	0
2664	1634	0
2665	1634	0
2666	1635	0
2667	1635	0
2670	1636	0
2673	1637	0
2674	1637	0
2676	1641	0
2678	1642	0
2681	1643	0
2683	1643	0
2685	1645	0
2686	1645	0
2687	1647	0
2688	1647	0
2690	1648	0
2691	1648	0
2693	1649	0
2695	1649	0
2697	1651	0
2698	1651	0
2699	1655	0
2701	1655	0
2702	1657	0
2704	1657	0
2705	1660	0
2707	1660	0
2708	1662	0
2710	1662	0
2711	1664	0
2713	1664	0
2715	1665	0
2716	1665	0
2718	1666	0
2719	1666	0
2720	1668	0
2721	1668	0
2724	1670	0
2725	1670	0
2727	1671	0
2729	1672	0
2730	1672	0
2733	1673	0
2734	1673	0
2736	1675	0
2737	1675	0
2739	1677	0
2740	1677	0
2741	1679	0
2742	1679	0
2744	1680	0
2747	1681	0
2749	1681	0
2751	1684	0
2752	1684	0
2753	1685	0
2754	1685	0
2756	1686	0
2757	1686	0
2760	1687	0
2761	1687	0
2763	1689	0
2764	1689	0
2766	1691	0
2767	1691	0
2768	1693	0
2770	1693	0
2771	1698	0
2773	1698	0
2774	1700	0
2776	1700	0
2778	1701	0
2779	1701	0
2780	1703	0
2781	1703	0
2783	1704	0
2784	1704	0
2786	1705	0
2788	1705	0
2790	1709	0
2791	1709	0
2792	1711	0
2794	1711	0
2795	1713	0
2797	1713	0
2798	1716	0
2799	1716	0
2802	1718	0
2804	1720	0
2806	1720	0
2807	1722	0
2808	1722	0
2811	1723	0
2812	1723	0
2814	1724	0
2815	1724	0
2816	1725	0
2817	1725	0
2820	1727	0
2821	1727	0
2823	1729	0
2824	1729	0
2825	1731	0
2828	1732	0
2829	1732	0
2831	1733	0
2833	1733	0
2835	1736	0
2836	1736	0
2837	1737	0
2838	1737	0
2841	1738	0
2844	1739	0
2845	1739	0
2847	1742	0
2848	1742	0
2849	1743	0
2850	1743	0
2852	1744	0
2853	1744	0
2856	1745	0
2857	1745	0
2859	1747	0
2860	1747	0
2862	1749	0
2863	1749	0
2864	1753	0
2866	1753	0
2867	1756	0
2868	1756	0
2870	1758	0
2871	1758	0
2873	1760	0
2875	1760	0
2877	1761	0
2878	1761	0
2880	1762	0
2881	1762	0
2882	1764	0
2883	1764	0
2885	1766	0
2886	1766	0
2889	1767	0
2890	1767	0
2893	1768	0
2894	1769	0
2895	1769	0
2898	1772	0
2899	1772	0
2901	1773	0
2903	1774	0
2904	1774	0
2907	1775	0
2908	1775	0
2909	1777	0
2911	1777	0
2914	1780	0
2915	1781	0
2916	1781	0
2919	1782	0
2922	1783	0
2923	1783	0
2925	1785	0
2926	1785	0
2927	1787	0
2928	1787	0
2930	1788	0
2933	1789	0
2935	1789	0
2937	1792	0
2938	1792	0
2939	1793	0
2940	1793	0
2942	1794	0
2943	1794	0
2946	1795	0
2947	1795	0
2949	1797	0
2950	1797	0
2952	1799	0
2953	1799	0
2954	1801	0
2956	1801	0
2957	1806	0
2959	1806	0
2960	1808	0
2962	1808	0
2964	1809	0
2965	1809	0
2966	1811	0
2967	1811	0
2969	1812	0
2970	1812	0
2972	1813	0
2974	1813	0
2976	1815	0
2977	1815	0
2978	1819	0
2980	1819	0
2981	1821	0
2983	1821	0
2984	1824	0
2986	1824	0
2988	1828	0
2989	1828	0
2990	1829	0
2991	1829	0
2993	1830	0
2994	1830	0
2997	1831	0
2998	1831	0
3000	1833	0
3001	1833	0
3003	1835	0
3005	1838	0
3006	1838	0
3008	1840	0
3009	1840	0
3012	1842	0
3013	1842	0
3014	1843	0
3015	1843	0
3017	1844	0
3018	1844	0
3021	1845	0
3022	1845	0
3024	1849	0
3025	1849	0
3026	1851	0
3028	1851	0
3029	1855	0
3032	1857	0
3034	1857	0
3035	1860	0
3037	1860	0
3038	1864	0
3039	1864	0
3041	1866	0
3043	1866	0
3045	1867	0
3046	1867	0
3048	1868	0
3049	1868	0
3050	1870	0
3051	1870	0
3054	1873	0
3055	1873	0
3056	1876	0
3057	1876	0
3059	1878	0
3061	1878	0
3063	1879	0
3064	1879	0
3066	1880	0
3067	1880	0
3068	1882	0
3069	1882	0
3071	1884	0
3073	1885	0
3076	1886	0
3078	1887	0
3080	1889	0
3082	1890	0
3084	1892	0
3085	1894	0
3086	1894	0
3087	1894	0
3090	1896	0
3091	1897	0
3092	1897	0
3093	1897	0
3096	1898	0
3097	1900	0
3100	1900	0
3102	1901	0
3103	1901	0
3104	1901	0
3105	1902	0
3107	1905	0
3109	1908	0
3111	1909	0
3114	1910	0
3116	1911	0
3118	1913	0
3120	1914	0
3122	1916	0
3123	1918	0
3124	1918	0
3126	1918	0
3128	1920	0
3129	1921	0
3130	1921	0
3132	1921	0
3134	1922	0
3136	1925	0
3137	1927	0
3139	1927	0
3142	1928	0
3143	1928	0
3144	1928	0
3145	1930	0
3147	1931	0
3149	1931	0
3151	1933	0
3154	1934	0
3155	1936	0
3156	1936	0
3158	1936	0
3159	1937	0
3161	1937	0
3162	1937	0
3163	1939	0
3166	1940	0
3167	1940	0
3168	1940	0
3169	1941	0
3171	1944	0
3173	1946	0
3175	1946	0
3176	1946	0
3177	1947	0
3179	1950	0
3183	1953	0
3185	1954	0
3188	1955	0
3190	1956	0
3192	1959	0
3193	1960	0
3194	1960	0
3196	1960	0
3198	1962	0
3200	1964	0
3201	1964	0
3202	1964	0
3203	1966	0
3207	1967	0
3208	1967	0
3209	1968	0
3211	1970	0
3213	1970	0
3214	1970	0
3215	1971	0
3218	1973	0
3219	1973	0
3220	1973	0
3221	1974	0
3223	1977	0
3225	1978	0
3227	1980	0
3232	1982	0
3234	1983	0
3236	1985	0
3238	1988	0
3239	1990	0
3240	1990	0
3241	1990	0
3244	1991	0
3245	1991	0
3246	1991	0
3247	1993	0
3249	1996	0
3251	1997	0
3253	1997	0
3254	1997	0
3255	1998	0
3257	2000	0
3259	2000	0
3260	2000	0
3261	2002	0
3265	2005	0
3267	2007	0
3269	2008	0
3272	2009	0
3274	2010	0
3276	2012	0
3277	2012	0
3278	2012	0
3279	2014	0
3281	2016	0
3283	2017	0
3287	2020	0
3290	2021	0
3292	2022	0
3294	2024	0
3295	2026	0
3296	2026	0
3298	2026	0
3300	2027	0
3301	2029	0
3302	2029	0
3303	2029	0
3305	2032	0
3307	2033	0
3309	2033	0
3310	2033	0
3311	2035	0
3314	2036	0
3315	2036	0
3316	2036	0
3317	2037	0
3319	2039	0
3321	2039	0
3322	2039	0
3323	2040	0
3325	2042	0
3327	2042	0
3328	2042	0
3329	2043	0
3331	2046	0
3335	2049	0
3337	2050	0
3340	2051	0
3342	2052	0
3343	2054	0
3345	2054	0
3346	2054	0
3347	2056	0
3349	2058	0
3351	2059	0
3354	2060	0
3356	2061	0
3357	2063	0
3359	2063	0
3360	2063	0
3361	2064	0
3363	2067	0
3369	2071	0
3372	2072	0
3373	2072	0
3374	2072	0
3375	2073	0
3377	2076	0
3379	2077	0
3381	2079	0
3388	2082	0
3391	2086	0
3394	2088	0
3396	2091	0
3397	2092	0
3398	2092	0
3400	2092	0
3401	2094	0
3403	2095	0
3408	2097	0
3410	2099	0
3412	2102	0
3413	2104	0
3414	2104	0
3416	2104	0
3418	2106	0
3419	2107	0
3420	2107	0
3422	2107	0
3424	2109	0
3425	2110	0
3426	2110	0
3427	2110	0
3430	2111	0
3431	2111	0
3432	2111	0
3433	2113	0
3435	2116	0
3438	2117	0
3439	2117	0
3440	2117	0
3441	2118	0
3443	2120	0
3445	2120	0
3446	2120	0
3447	2121	0
3450	2123	0
3451	2123	0
3452	2123	0
3453	2124	0
3455	2127	0
3457	2128	0
3459	2130	0
3464	2132	0
3466	2133	0
3467	2135	0
3469	2135	0
3470	2135	0
3471	2136	0
3473	2139	0
3477	2142	0
3479	2143	0
3482	2144	0
3486	2147	0
3487	2147	0
3488	2147	0
3489	2149	0
3491	2151	0
3493	2152	0
3496	2153	0
3498	2154	0
3500	2156	0
3501	2156	0
3502	2156	0
3503	2157	0
3507	2161	0
3509	2163	0
3511	2164	0
3514	2165	0
3518	2169	0
3520	2172	0
3521	2173	0
3522	2173	0
3524	2173	0
3526	2175	0
3527	2176	0
3530	2176	0
3532	2178	0
3533	2179	0
3534	2179	0
3535	2179	0
3538	2180	0
3539	2180	0
3540	2180	0
3541	2182	0
3543	2183	0
3545	2183	0
3546	2183	0
3547	2185	0
3550	2186	0
3551	2186	0
3552	2186	0
3553	2187	0
3555	2190	0
3558	2192	0
3559	2192	0
3560	2192	0
3561	2194	0
3563	2196	0
3565	2197	0
3569	2200	0
3572	2201	0
3574	2202	0
3576	2204	0
3577	2204	0
3578	2204	0
3579	2206	0
3583	2209	0
3586	2210	0
3587	2210	0
3588	2210	0
3589	2211	0
3591	2214	0
3593	2215	0
3596	2216	0
3598	2217	0
3599	2220	0
3601	2221	0
3604	2223	0
3606	2225	0
3610	2229	0
3611	2230	0
3612	2230	0
3613	2230	0
3616	2231	0
3618	2234	0
3619	2236	0
3620	2236	0
3621	2236	0
3624	2237	0
3625	2239	0
3626	2239	0
3628	2239	0
3630	2240	0
3631	2242	0
3632	2242	0
3633	2242	0
3635	2245	0
3637	2246	0
3639	2246	0
3640	2246	0
3641	2248	0
3644	2249	0
3645	2249	0
3646	2249	0
3647	2250	0
3649	2252	0
3651	2252	0
3652	2252	0
3653	2253	0
3655	2255	0
3657	2255	0
3658	2255	0
3659	2256	0
3661	2259	0
3665	2262	0
3667	2263	0
3670	2264	0
3672	2265	0
3673	2267	0
3675	2267	0
3676	2267	0
3677	2269	0
3679	2271	0
3681	2272	0
3684	2273	0
3686	2274	0
3687	2276	0
3689	2276	0
3690	2276	0
3691	2277	0
3694	2279	0
3695	2279	0
3696	2279	0
3697	2280	0
3699	2283	0
3701	2284	0
3703	2286	0
3710	2289	0
3711	2292	0
3713	2293	0
3718	2295	0
3720	2297	0
3722	2300	0
3723	2302	0
3724	2302	0
3726	2302	0
3728	2303	0
3730	2305	0
3732	2305	0
3734	2306	0
3735	2308	0
3736	2308	0
3737	2308	0
3740	2309	0
3741	2309	0
3742	2309	0
3743	2311	0
3745	2312	0
3747	2312	0
3748	2312	0
3749	2314	0
3751	2316	0
3753	2318	0
3755	2318	0
3756	2318	0
3757	2319	0
3759	2321	0
3761	2321	0
3762	2321	0
3763	2323	0
3767	2326	0
3769	2328	0
3771	2329	0
3774	2330	0
3776	2331	0
3777	2333	0
3779	2333	0
3780	2333	0
3781	2335	0
3783	2336	0
3785	2336	0
3786	2336	0
3787	2337	0
3789	2340	0
3791	2341	0
3794	2342	0
3796	2343	0
3798	2346	0
3800	2349	0
3801	2350	0
3802	2350	0
3803	2350	0
3805	2352	0
3807	2353	0
3810	2354	0
3814	2358	0
3816	2360	0
3817	2362	0
3818	2362	0
3819	2362	0
3822	2363	0
3823	2363	0
3824	2363	0
3825	2365	0
3827	2367	0
3829	2368	0
3833	2371	0
3836	2372	0
3838	2373	0
3840	2375	0
3841	2375	0
3842	2375	0
3843	2376	0
3845	2379	0
3847	2380	0
3850	2381	0
3852	2384	0
3854	2385	0
3856	2387	0
3857	2389	0
3858	2389	0
3859	2389	0
3861	2391	0
3863	2392	0
3866	2393	0
3868	2394	0
3870	2397	0
3872	2400	0
3873	2401	0
3874	2401	0
3876	2401	0
3877	2403	0
3879	2404	0
3882	2405	0
3884	2406	0
3886	2408	0
3888	2409	0
3890	2411	0
3891	2413	0
3892	2413	0
3894	2413	0
3896	2415	0
3897	2416	0
3898	2416	0
3900	2416	0
3902	2417	0
3903	2419	0
3904	2419	0
3908	2420	0
3909	2422	0
3911	2422	0
3914	2423	0
3915	2423	0
3916	2423	0
3917	2425	0
3919	2426	0
3921	2426	0
3923	2428	0
3925	2429	0
3927	2429	0
3928	2429	0
3929	2431	0
3933	2434	0
3935	2436	0
3937	2437	0
3940	2438	0
3942	2439	0
3943	2441	0
3945	2441	0
3946	2441	0
3947	2442	0
3949	2445	0
3951	2446	0
3954	2448	0
3956	2450	0
3958	2451	0
3960	2454	0
3961	2455	0
3962	2455	0
3963	2455	0
3965	2457	0
3967	2458	0
3970	2459	0
3972	2460	0
3974	2462	0
3976	2465	0
3977	2467	0
3978	2467	0
3980	2467	0
3981	2469	0
3983	2470	0
3986	2471	0
3988	2472	0
3990	2474	0
3992	2475	0
3994	2478	0
3995	2479	0
3996	2479	0
3998	2479	0
4000	2481	0
4001	2482	0
4002	2482	0
4006	2484	0
4008	2485	0
4009	2485	0
4012	2486	0
4013	2488	0
4014	2488	0
4016	2488	0
4018	2489	0
4019	2489	0
4021	2491	0
4023	2492	0
4025	2492	0
4026	2492	0
4027	2494	0
4030	2495	0
4031	2497	0
4032	2497	0
4034	2497	0
4036	2498	0
4037	2500	0
4038	2500	0
4039	2500	0
4041	2503	0
4043	2504	0
4045	2504	0
4046	2504	0
4047	2506	0
4050	2507	0
4051	2507	0
4052	2507	0
4053	2508	0
4055	2510	0
4057	2510	0
4058	2510	0
4059	2511	0
4061	2513	0
4063	2513	0
4064	2513	0
4065	2514	0
4067	2517	0
4071	2520	0
4073	2521	0
4076	2522	0
4078	2523	0
4079	2525	0
4081	2525	0
4082	2525	0
4083	2527	0
4085	2529	0
4087	2530	0
4090	2531	0
4092	2532	0
4094	2534	0
4095	2534	0
4096	2534	0
4097	2535	0
4099	2538	0
4101	2539	0
4103	2541	0
4110	2544	0
4112	2547	0
4113	2548	0
4114	2548	0
4116	2548	0
4117	2550	0
4119	2551	0
4124	2553	0
4126	2555	0
4128	2558	0
4129	2560	0
4130	2560	0
4132	2560	0
4134	2561	0
4135	2563	0
4136	2563	0
4138	2563	0
4140	2564	0
4141	2566	0
4142	2566	0
4143	2566	0
4146	2567	0
4147	2567	0
4148	2567	0
4149	2569	0
4151	2570	0
4153	2570	0
4154	2570	0
4155	2572	0
4157	2574	0
4159	2576	0
4161	2576	0
4162	2576	0
4163	2577	0
4165	2579	0
4167	2579	0
4168	2579	0
4169	2581	0
4173	2584	0
4175	2586	0
4177	2587	0
4180	2588	0
4182	2589	0
4183	2591	0
4185	2591	0
4187	2593	0
4189	2594	0
4191	2594	0
4192	2594	0
4195	2598	0
4197	2599	0
4200	2600	0
4202	2601	0
4204	2603	0
4205	2603	0
4206	2603	0
4207	2605	0
4209	2607	0
4211	2608	0
4215	2611	0
4220	2613	0
4221	2616	0
4226	2619	0
4228	2622	0
4229	2623	0
4230	2623	0
4231	2623	0
4233	2625	0
4235	2626	0
4238	2627	0
4242	2631	0
4244	2633	0
4245	2635	0
4246	2635	0
4247	2635	0
4250	2636	0
4251	2636	0
4252	2636	0
4253	2638	0
4255	2640	0
4257	2641	0
4261	2644	0
4264	2645	0
4266	2646	0
4268	2648	0
4269	2648	0
4270	2648	0
4271	2649	0
4273	2652	0
4275	2653	0
4278	2654	0
4280	2657	0
4282	2658	0
4284	2660	0
4285	2662	0
4286	2662	0
4287	2662	0
4289	2664	0
4291	2665	0
4294	2666	0
4296	2667	0
4298	2670	0
4300	2673	0
4301	2674	0
4302	2674	0
4304	2674	0
4306	2676	0
4308	2678	0
4310	2681	0
4311	2683	0
4312	2683	0
4314	2683	0
4315	2685	0
4317	2686	0
4320	2687	0
4322	2688	0
4324	2690	0
4326	2691	0
4329	2695	0
4330	2695	0
4332	2695	0
4334	2697	0
4335	2698	0
4336	2698	0
4338	2698	0
4340	2699	0
4341	2701	0
4342	2701	0
4346	2702	0
4347	2704	0
4349	2704	0
4352	2705	0
4353	2705	0
4354	2705	0
4355	2707	0
4357	2708	0
4359	2708	0
4361	2710	0
4363	2711	0
4365	2711	0
4366	2711	0
4367	2713	0
4371	2716	0
4375	2719	0
4378	2720	0
4380	2721	0
4381	2724	0
4383	2725	0
4386	2727	0
4388	2729	0
4390	2730	0
4392	2733	0
4393	2734	0
4394	2734	0
4395	2734	0
4398	2736	0
4399	2737	0
4400	2737	0
4402	2737	0
4403	2739	0
4405	2740	0
4408	2741	0
4410	2742	0
4412	2744	0
4414	2747	0
4415	2749	0
4416	2749	0
4418	2749	0
4419	2751	0
4421	2752	0
4424	2753	0
4426	2754	0
4428	2756	0
4430	2757	0
4432	2760	0
4433	2761	0
4434	2761	0
4436	2761	0
4438	2763	0
4439	2764	0
4440	2764	0
4446	2767	0
4447	2767	0
4450	2768	0
4451	2770	0
4452	2770	0
4454	2770	0
4456	2771	0
4457	2771	0
4459	2773	0
4461	2774	0
4463	2774	0
4464	2774	0
4465	2776	0
4467	2778	0
4469	2779	0
4472	2780	0
4474	2781	0
4476	2783	0
4478	2784	0
4480	2786	0
4481	2788	0
4482	2788	0
4483	2788	0
4486	2790	0
4487	2791	0
4488	2791	0
4489	2791	0
4492	2792	0
4493	2794	0
4496	2794	0
4498	2795	0
4499	2797	0
4500	2797	0
4504	2798	0
4505	2798	0
4506	2798	0
4507	2799	0
4509	2802	0
4511	2804	0
4513	2804	0
4514	2804	0
4515	2806	0
4517	2807	0
4519	2807	0
4520	2807	0
4521	2808	0
4523	2811	0
4529	2815	0
4532	2816	0
4534	2817	0
4536	2820	0
4537	2821	0
4538	2821	0
4539	2821	0
4541	2823	0
4543	2824	0
4546	2825	0
4548	2828	0
4550	2829	0
4552	2831	0
4553	2833	0
4554	2833	0
4555	2833	0
4557	2835	0
4559	2836	0
4562	2837	0
4564	2838	0
4566	2841	0
4568	2844	0
4569	2845	0
4570	2845	0
4572	2845	0
4573	2847	0
4575	2848	0
4578	2849	0
4580	2850	0
4582	2852	0
4584	2853	0
4586	2856	0
4587	2857	0
4588	2857	0
4589	2857	0
4592	2859	0
4594	2860	0
4596	2860	0
4598	2862	0
4599	2863	0
4600	2863	0
4604	2864	0
4605	2866	0
4606	2866	0
4607	2866	0
4610	2867	0
4612	2867	0
4613	2868	0
4615	2870	0
4617	2870	0
4618	2870	0
4619	2871	0
4621	2873	0
4623	2873	0
4624	2873	0
4625	2875	0
4629	2878	0
4631	2880	0
4633	2881	0
4636	2882	0
4638	2883	0
4639	2885	0
4641	2885	0
4642	2885	0
4643	2886	0
4645	2889	0
4649	2893	0
4652	2894	0
4654	2895	0
4657	2899	0
4660	2901	0
4662	2903	0
4664	2904	0
4666	2907	0
4667	2908	0
4669	2908	0
4672	2909	0
4673	2911	0
4674	2911	0
4675	2911	0
4677	2914	0
4680	2915	0
4682	2916	0
4684	2919	0
4686	2922	0
4687	2923	0
4688	2923	0
4690	2923	0
4691	2925	0
4693	2926	0
4696	2927	0
4698	2928	0
4700	2930	0
4702	2933	0
4703	2935	0
4704	2935	0
4706	2935	0
4707	2937	0
4709	2938	0
4712	2939	0
4714	2940	0
4716	2942	0
4720	2946	0
4721	2947	0
4722	2947	0
4724	2947	0
4726	2949	0
4727	2950	0
4728	2950	0
4732	2952	0
4734	2953	0
4735	2953	0
4739	2956	0
4740	2956	0
4744	2957	0
4745	2957	0
4747	2959	0
4749	2960	0
4751	2960	0
4752	2960	0
4753	2962	0
4755	2964	0
4757	2965	0
4762	2967	0
4764	2969	0
4766	2970	0
4768	2972	0
4769	2974	0
4770	2974	0
4772	2974	0
4774	2976	0
4775	2977	0
4776	2977	0
4778	2977	0
4780	2978	0
4781	2980	0
4786	2981	0
4787	2983	0
4789	2983	0
4792	2984	0
4793	2984	0
4795	2986	0
4797	2988	0
4799	2989	0
4802	2990	0
4804	2991	0
4806	2993	0
4808	2994	0
4811	2998	0
4812	2998	0
4813	2998	0
4816	3000	0
4818	3001	0
4820	3001	0
4822	3003	0
4826	3005	0
4827	3006	0
4829	3008	0
4831	3008	0
4832	3008	0
4833	3009	0
4835	3012	0
4837	3013	0
4840	3014	0
4842	3015	0
4844	3017	0
4846	3018	0
4848	3021	0
4849	3022	0
4850	3022	0
4852	3022	0
4854	3024	0
4856	3025	0
4857	3025	0
4860	3026	0
4861	3028	0
4862	3028	0
4864	3028	0
4866	3029	0
4868	3032	0
4869	3034	0
4870	3034	0
4871	3034	0
4874	3035	0
4875	3035	0
4876	3035	0
4877	3037	0
4879	3038	0
4881	3038	0
4882	3038	0
4883	3039	0
4885	3041	0
4887	3041	0
4888	3041	0
4889	3043	0
4893	3046	0
4895	3048	0
4897	3049	0
4900	3050	0
4902	3051	0
4904	3054	0
4905	3055	0
4906	3055	0
4907	3055	0
4910	3056	0
4911	3056	0
4912	3056	0
4913	3057	0
4916	3059	0
4917	3059	0
4918	3059	0
4919	3061	0
4921	3063	0
4923	3064	0
4927	3067	0
4930	3068	0
4932	3069	0
4934	3071	0
4935	3071	0
4937	3073	0
4938	3073	0
4939	3076	0
4941	3076	0
4944	3078	0
4945	3080	0
4946	3080	0
4948	3082	0
4949	3082	0
4951	3084	0
4952	3084	0
4955	3085	0
4956	3085	0
4958	3086	0
4959	3086	0
4960	3087	0
4961	3087	0
4963	3090	0
4964	3090	0
4967	3091	0
4968	3091	0
4970	3092	0
4971	3092	0
4972	3093	0
4973	3093	0
4975	3096	0
4977	3096	0
4979	3097	0
4980	3097	0
4981	3100	0
4982	3100	0
4985	3102	0
4986	3102	0
4987	3103	0
4988	3103	0
4991	3104	0
4994	3105	0
4995	3105	0
4996	3107	0
4998	3107	0
5000	3109	0
5001	3109	0
5003	3111	0
5004	3111	0
5005	3114	0
5007	3114	0
5008	3116	0
5010	3116	0
5011	3118	0
5012	3118	0
5015	3120	0
5017	3122	0
5019	3122	0
5021	3123	0
5022	3123	0
5024	3124	0
5025	3124	0
5026	3126	0
5027	3126	0
5029	3128	0
5031	3128	0
5033	3129	0
5034	3129	0
5036	3130	0
5037	3130	0
5038	3132	0
5039	3132	0
5041	3134	0
5043	3134	0
5044	3136	0
5045	3136	0
5048	3137	0
5049	3137	0
5050	3139	0
5051	3139	0
5054	3142	0
5055	3142	0
5057	3143	0
5059	3144	0
5060	3144	0
5063	3145	0
5064	3145	0
5066	3147	0
5067	3147	0
5068	3149	0
5071	3151	0
5073	3151	0
5074	3154	0
5076	3154	0
5079	3155	0
5081	3156	0
5082	3156	0
5083	3158	0
5084	3158	0
5087	3159	0
5088	3159	0
5089	3161	0
5092	3162	0
5093	3162	0
5095	3163	0
5097	3163	0
5099	3166	0
5100	3166	0
5101	3167	0
5102	3167	0
5105	3168	0
5108	3169	0
5109	3169	0
5110	3171	0
5112	3171	0
5114	3173	0
5115	3173	0
5116	3175	0
5117	3175	0
5119	3176	0
5120	3176	0
5122	3177	0
5124	3177	0
5126	3179	0
5127	3179	0
5128	3183	0
5130	3183	0
5131	3185	0
5133	3185	0
5134	3188	0
5136	3188	0
5137	3190	0
5139	3190	0
5140	3192	0
5142	3192	0
5144	3193	0
5145	3193	0
5147	3194	0
5148	3194	0
5149	3196	0
5150	3196	0
5152	3198	0
5153	3198	0
5156	3200	0
5157	3200	0
5159	3201	0
5161	3202	0
5162	3202	0
5165	3203	0
5166	3203	0
5167	3207	0
5171	3208	0
5174	3209	0
5175	3209	0
5177	3211	0
5178	3211	0
5179	3213	0
5180	3213	0
5182	3214	0
5185	3215	0
5187	3215	0
5189	3218	0
5190	3218	0
5191	3219	0
5192	3219	0
5194	3220	0
5195	3220	0
5199	3221	0
5201	3223	0
5202	3223	0
5204	3225	0
5205	3225	0
5206	3227	0
5208	3227	0
5209	3232	0
5211	3232	0
5212	3234	0
5214	3234	0
5215	3236	0
5217	3236	0
5218	3238	0
5219	3238	0
5223	3239	0
5225	3240	0
5226	3240	0
5227	3241	0
5228	3241	0
5231	3244	0
5232	3244	0
5234	3245	0
5236	3246	0
5237	3246	0
5240	3247	0
5241	3247	0
5242	3249	0
5244	3249	0
5246	3251	0
5247	3251	0
5248	3253	0
5249	3253	0
5251	3254	0
5254	3255	0
5256	3255	0
5258	3257	0
5259	3257	0
5260	3259	0
5261	3259	0
5263	3260	0
5264	3260	0
5266	3261	0
5268	3261	0
5270	3265	0
5271	3265	0
5272	3267	0
5274	3267	0
5275	3269	0
5278	3272	0
5279	3272	0
5281	3274	0
5282	3274	0
5285	3276	0
5286	3276	0
5287	3277	0
5288	3277	0
5290	3278	0
5291	3278	0
5294	3279	0
5295	3279	0
5297	3281	0
5298	3281	0
5300	3283	0
5301	3283	0
5302	3287	0
5304	3287	0
5306	3290	0
5308	3292	0
5309	3292	0
5311	3294	0
5313	3294	0
5315	3295	0
5316	3295	0
5318	3296	0
5319	3296	0
5320	3298	0
5321	3298	0
5323	3300	0
5324	3300	0
5328	3301	0
5330	3302	0
5331	3302	0
5332	3303	0
5333	3303	0
5336	3305	0
5337	3305	0
5340	3307	0
5341	3309	0
5344	3310	0
5345	3310	0
5347	3311	0
5351	3314	0
5352	3314	0
5353	3315	0
5354	3315	0
5357	3316	0
5360	3317	0
5361	3317	0
5364	3319	0
5365	3321	0
5366	3321	0
5368	3322	0
5371	3323	0
5373	3323	0
5375	3325	0
5376	3325	0
5377	3327	0
5378	3327	0
5380	3328	0
5381	3328	0
5383	3329	0
5385	3329	0
5389	3335	0
5391	3335	0
5392	3337	0
5394	3337	0
5395	3340	0
5397	3340	0
5398	3342	0
5400	3342	0
5402	3343	0
5403	3343	0
5404	3345	0
5405	3345	0
5407	3346	0
5408	3346	0
5410	3347	0
5412	3347	0
5413	3349	0
5415	3349	0
5416	3351	0
5418	3351	0
5419	3354	0
5420	3354	0
5422	3356	0
5423	3356	0
5426	3357	0
5427	3357	0
5428	3359	0
5429	3359	0
5431	3360	0
5432	3360	0
5434	3361	0
5436	3361	0
5438	3363	0
5439	3363	0
5440	3369	0
5442	3369	0
5444	3372	0
5445	3372	0
5446	3373	0
5449	3374	0
5450	3374	0
5453	3375	0
5454	3375	0
5456	3377	0
5459	3379	0
5460	3379	0
5461	3381	0
5463	3381	0
5466	3388	0
5467	3391	0
5469	3391	0
5470	3394	0
5471	3394	0
5473	3396	0
5475	3396	0
5477	3397	0
5478	3397	0
5480	3398	0
5481	3398	0
5482	3400	0
5483	3400	0
5486	3401	0
5489	3403	0
5490	3403	0
5491	3408	0
5493	3408	0
5494	3410	0
5495	3410	0
5497	3412	0
5499	3412	0
5501	3413	0
5502	3413	0
5504	3414	0
5505	3414	0
5506	3416	0
5507	3416	0
5509	3418	0
5511	3418	0
5513	3419	0
5514	3419	0
5516	3420	0
5517	3420	0
5518	3422	0
5519	3422	0
5521	3424	0
5522	3424	0
5525	3425	0
5526	3425	0
5529	3426	0
5530	3427	0
5531	3427	0
5534	3430	0
5535	3430	0
5537	3431	0
5539	3432	0
5540	3432	0
5543	3433	0
5544	3433	0
5545	3435	0
5547	3435	0
5551	3439	0
5552	3439	0
5555	3440	0
5558	3441	0
5559	3441	0
5561	3443	0
5562	3443	0
5563	3445	0
5564	3445	0
5566	3446	0
5571	3447	0
5573	3450	0
5574	3450	0
5575	3451	0
5576	3451	0
5578	3452	0
5579	3452	0
5582	3453	0
5583	3453	0
5585	3455	0
5586	3455	0
5588	3457	0
5589	3457	0
5590	3459	0
5592	3459	0
5593	3464	0
5595	3464	0
5596	3466	0
5598	3466	0
5600	3467	0
5601	3467	0
5602	3469	0
5603	3469	0
5605	3470	0
5606	3470	0
5608	3471	0
5610	3471	0
5612	3473	0
5613	3473	0
5614	3477	0
5616	3477	0
5617	3479	0
5619	3479	0
5620	3482	0
5622	3482	0
5624	3486	0
5625	3486	0
5626	3487	0
5627	3487	0
5629	3488	0
5630	3488	0
5633	3489	0
5634	3489	0
5636	3491	0
5637	3491	0
5639	3493	0
5641	3496	0
5642	3496	0
5644	3498	0
5645	3498	0
5648	3500	0
5649	3500	0
5650	3501	0
5651	3501	0
5653	3502	0
5654	3502	0
5657	3503	0
5658	3503	0
5660	3507	0
5661	3507	0
5662	3509	0
5665	3511	0
5667	3511	0
5668	3514	0
5671	3518	0
5672	3518	0
5674	3520	0
5676	3520	0
5678	3521	0
5679	3521	0
5681	3522	0
5682	3522	0
5683	3524	0
5684	3524	0
5686	3526	0
5688	3526	0
5690	3527	0
5691	3527	0
5692	3530	0
5693	3530	0
5695	3532	0
5696	3532	0
5699	3533	0
5700	3533	0
5702	3534	0
5703	3534	0
5704	3535	0
5705	3535	0
5708	3538	0
5711	3539	0
5713	3540	0
5714	3540	0
5717	3541	0
5718	3541	0
5720	3543	0
5721	3543	0
5722	3545	0
5725	3546	0
5726	3546	0
5728	3547	0
5730	3547	0
5732	3550	0
5733	3550	0
5734	3551	0
5735	3551	0
5738	3552	0
5741	3553	0
5742	3553	0
5743	3555	0
5745	3555	0
5747	3558	0
5748	3558	0
5749	3559	0
5750	3559	0
5752	3560	0
5753	3560	0
5756	3561	0
5759	3563	0
5760	3563	0
5762	3565	0
5763	3565	0
5764	3569	0
5766	3569	0
5767	3572	0
5768	3572	0
5770	3574	0
5771	3574	0
5774	3576	0
5775	3576	0
5776	3577	0
5777	3577	0
5779	3578	0
5780	3578	0
5783	3579	0
5784	3579	0
5785	3583	0
5787	3583	0
5789	3586	0
5790	3586	0
5791	3587	0
5792	3587	0
5794	3588	0
5795	3588	0
5798	3589	0
5799	3589	0
5801	3591	0
5804	3593	0
5805	3593	0
5806	3596	0
5808	3596	0
5809	3598	0
5811	3598	0
5812	3599	0
5814	3599	0
5815	3601	0
5818	3604	0
5820	3604	0
5821	3606	0
5822	3606	0
5824	3610	0
5825	3610	0
5828	3611	0
5829	3611	0
5831	3612	0
5832	3612	0
5833	3613	0
5834	3613	0
5836	3616	0
5838	3616	0
5839	3618	0
5840	3618	0
5843	3619	0
5844	3619	0
5846	3620	0
5847	3620	0
5848	3621	0
5849	3621	0
5851	3624	0
5853	3624	0
5855	3625	0
5856	3625	0
5858	3626	0
5859	3626	0
5860	3628	0
5861	3628	0
5863	3630	0
5864	3630	0
5868	3631	0
5870	3632	0
5871	3632	0
5872	3633	0
5873	3633	0
5876	3635	0
5877	3635	0
5879	3637	0
5880	3637	0
5881	3639	0
5884	3640	0
5885	3640	0
5887	3641	0
5889	3641	0
5891	3644	0
5892	3644	0
5893	3645	0
5894	3645	0
5897	3646	0
5901	3647	0
5905	3651	0
5906	3651	0
5908	3652	0
5911	3653	0
5913	3653	0
5915	3655	0
5916	3655	0
5917	3657	0
5918	3657	0
5920	3658	0
5921	3658	0
5923	3659	0
5925	3659	0
5927	3661	0
5928	3661	0
5929	3665	0
